@TILE_ISLAND,16,16,8,8:0,0;16,0;32,0;48,0;
@TILE_CENTER,16,16,8,8:64,0;80,0;96,0;112,0;
@TILE_LEFT,16,16,8,8:128,0;144,0;160,0;176,0;
@TILE_RIGHT,16,16,8,8:192,0;208,0;224,0;240,0;
@BUBBLING_POT,16,16,8,16:256,0;272,0;288,0;304,0;320,0;336,0;352,0;368,0;384,0;400,0;416,0;432,0;
@PLATTER,16,16,8,16:448,0;464,0;480,0;496,0;512,0;528,0;544,0;560,0;576,0;
@FOOD_POTATO,16,16,8,16:592,0;608,0;624,0;640,0;656,0;672,0;688,0;704,0;
@FOOD_WATERMELON,16,16,8,16:720,0;736,0;752,0;768,0;784,0;800,0;816,0;832,0;
@FOOD_GRAPE,16,16,8,16:848,0;864,0;880,0;896,0;912,0;928,0;944,0;960,0;
@FOOD_CHICKEN,16,16,8,16:976,0;992,0;1008,0;1024,0;1040,0;1056,0;1072,0;1088,0;
@KING_IDLE,16,21,8,21:96,16;112,16;128,16;
@KING_RUN,16,21,8,21:0,16;16,16;32,16;16,16;
@KING_JUMP,16,21,8,21:80,16;80,16;
@KING_FLOAT,16,21,8,21:48,16;48,16;
@KING_POST_FLOAT,16,21,8,21:64,16;64,16;
@GUARD_IDLE,16,21,8,21:192,16;208,16;224,16;
@GUARD_RUN,16,21,8,21:144,16;160,16;176,16;160,16;
@GUARD_JUMP,16,21,8,21:240,16;240,16;
@GUARD_END,16,21,8,21:160,16;240,16;
@WINDOW,16,21,8,13:448,16;464,16;
@EMOTE_ALARM,6,10,3,5:480,16;486,16;492,16;498,16;
@EMOTE_CONFUSED,6,10,3,5:504,16;510,16;516,16;522,16;